Chr	Locus	Mb	GenomeMb
1	T1G11	1.24325	1.24325
1	F21M12	3.212191	3.212191
1	MSAT1.10	7.296649	7.296649
1	NGA248	9.887359	9.887359
1	T27K12	15.926702	15.926702
1	NGA128	20.633251	20.633251
1	F5I14	24.374008	24.374008
1	MSAT1.13	25.827433	25.827433
1	MSAT1.5	29.016886	29.016886
2	MSAT2.5	0.208178	0.208178
2	MSAT2.38	2.457014	2.457014
2	MSAT2.36	8.685521	8.685521
2	MSAT2.41	11.095452	11.095452
2	MSAT2.7	13.192607	13.192607
2	MSAT2.10	18.019832	18.019832
2	MSAT2.22	19.632943	19.632943
3	NGA172	0.786303	0.786303
3	ATHCHIB2	3.963391	3.963391
3	MSAT3.19	8.808167	8.808167
3	MSAT3.32	11.208231	11.208231
3	MSAT3.21	17.282665	17.282665
3	MSAT3.18	21.387949	21.387949
4	MSAT4.39	0.089498	0.089498
4	MSAT4.8	0.40701	0.40701
4	NGA8	5.62881	5.62881
4	MSAT4.35	7.549254	7.549254
4	MSAT4.15	9.362588	9.362588
4	MSAT4.18	11.966304	11.966304
4	MSAT4.9	15.790523	15.790523
4	MSAT4.37	18.336495	18.336495
5	NGA225	1.507104	1.507104
5	NGA249	2.770217	2.770217
5	MSAT5.14	7.498509	7.498509
5	NGA139	8.428136	8.428136
5	MSAT5.22	13.961058	13.961058
5	MSAT5.9	17.252309	17.252309
5	MSAT5.12	21.424928	21.424928
5	MSAT5.19	25.924795	25.924795