Chr	Locus	Mb	CCr
1	D1Mit1	11.595264	11.595264
1	D1Mit294	11.833178	11.833178
1	D1Mit430	14.435783	14.435783
1	D1Mit231	21.081393	21.081393
1	D1Mit169	24.302976	24.302976
1	D1Mit373	26.723003	26.723003
1	D1Mit318	34.070073	34.070073
1	D1Mit171	37.066442	37.066442
1	D1Mit375	43.772393	43.772393
1	D1Mit214	58.626637	58.626637
1	D1Mit480	64.278673	64.278673
1	D1Mit328	68.246813	68.246813
1	D1Mit282	73.66203	73.66203
1	D1Mit7	75.412935	75.412935
1	D1Mit216	80.318944	80.318944
1	D1Mit80	86.263197	86.263197
1	D1Mit49	87.108146	87.108146
1	D1Mit45	92.947542	92.947542
1	D1Mit11	98.438668	98.438668
1	D1Mit135	103.458051	103.458051
1	D1Mit417	107.571032	107.571032
1	D1Mit308	110.612719	110.612719
1	D1Mit389	120.058203	120.058203
1	D1Mit91	126.289407	126.289407
1	D1Mit139	126.347677	126.347677
1	D1Mit218	127.276223	127.276223
1	D1Mit30	133.244881	133.244881
1	D1Mit446	134.93393	134.93393
1	D1Mit200	150.26001	150.26001
1	D1Mit451	155.951597	155.951597
1	D1Mit425	156.624657	156.624657
1	D1Mit14	156.773828	156.773828
1	D1Mit105	160.466181	160.466181
1	D1Mit106	162.328582	162.328582
1	D1Mit145	167.321902	167.321902
1	D1Mit16	167.957263	167.957263
1	D1Mit113	171.875685	171.875685
1	D1Mit150	174.755111	174.755111
1	D1Mit426	180.485665	180.485665
1	D1Mit291	184.366803	184.366803
1	D1Mit361	185.900231	185.900231
1	D1Mit511	192.063923	192.063923
1	D1Mit155	194.321233	194.321233
2	D2Mit5	9.475637	9.475637
2	D2Mit80	21.062363	21.062363
2	D2Mit293	25.378007	25.378007
2	D2Mit82	25.97524	25.97524
2	D2Mit367	33.592981	33.592981
2	D2Mit241	45.297951	45.297951
2	D2Mit156	57.034996	57.034996
2	D2Mit205	65.240559	65.240559
2	D2Mit37	74.587713	74.587713
2	D2Mit14	85.787884	85.787884
2	D2Mit12	102.995321	102.995321
2	D2Mit102	114.074508	114.074508
2	D2Mit255	123.140518	123.140518
2	D2Mit223	134.736279	134.736279
2	D2Mit340	148.610751	148.610751
2	D2Mit493	154.036157	154.036157
2	D2Mit50	162.740129	162.740129
2	D2Mit147	172.45782	172.45782
2	D2Mit266	181.561503	181.561503
3	D3Mit221	7.924536	7.924536
3	D3Mit62	17.219239	17.219239
3	D3Mit46	29.769988	29.769988
3	D3Mit21	36.927296	36.927296
3	D3Mit6	48.895554	48.895554
3	D3Mit185	57.553208	57.553208
3	D3Mit241	66.825622	66.825622
3	D3Mit209	72.561943	72.561943
3	D3Mit9	83.433756	83.433756
3	D3Mit49	89.657134	89.657134
3	D3Mit189	100.913708	100.913708
3	D3Mit14	132.576142	132.576142
3	D3Mit127	143.747113	143.747113
3	D3Mit128	151.346697	151.346697
3	D3Mit19	158.599155	158.599155
4	D4Mit149	3.555165	3.555165
4	D4Mit101	9.629444	9.629444
4	D4Mit135	19.787761	19.787761
4	D4Mit171	22.412577	22.412577
4	D4Mit292	31.650382	31.650382
4	D4Mit237	42.087815	42.087815
4	D4Mit286	42.441722	42.441722
4	D4Mit164	58.670239	58.670239
4	D4Mit178	65.509508	65.509508
4	D4Mit80	77.877829	77.877829
4	D4Mit186	89.475102	89.475102
4	D4Mit303	96.540233	96.540233
4	D4Mit146	108.146566	108.146566
4	D4Mit12	122.741376	122.741376
4	D4Mit147	123.268033	123.268033
4	D4Mit339	132.821929	132.821929
4	D4Mit343	141.167575	141.167575
4	D4Mit344	151.979988	151.979988
5	D5Mit193	4.238776	4.238776
5	D5Mit1	15.980257	15.980257
5	D5Mit227	20.558414	20.558414
5	D5Mit180	23.006305	23.006305
5	D5Mit388	31.766402	31.766402
5	D5Mit79	42.671329	42.671329
5	D5Mit233	51.327013	51.327013
5	D5Mit197	63.277951	63.277951
5	D5Mit201	73.850203	73.850203
5	D5Mit309	78.269646	78.269646
5	D5Mit312	93.703695	93.703695
5	D5Mit403	103.204336	103.204336
5	D5Mit25	111.274922	111.274922
5	D5Mit188	115.327384	115.327384
5	D5Mit372	129.715935	129.715935
5	D5Mit409	143.142183	143.142183
6	D6Mit86	4.167752	4.167752
6	D6Mit264	16.420952	16.420952
6	D6Mit50	17.079531	17.079531
6	D6Mit116	24.987206	24.987206
6	D6Mit268	34.636	34.636
6	D6Mit207	44.417546	44.417546
6	D6Mit384	55.161537	55.161537
6	D6Mit175	65.099641	65.099641
6	D6Mit188	75.682812	75.682812
6	D6Mit323	87.232218	87.232218
6	D6Mit67	98.12864	98.12864
6	D6Mit39	106.962932	106.962932
6	D6Mit150	116.54245	116.54245
6	D6Mit61	129.173689	129.173689
6	D6Mit339	136.486967	136.486967
6	D6Mit201	146.753948	146.753948
7	D7Mit340	8.059658	8.059658
7	D7Mit57	11.222612	11.222612
7	D7Mit117	18.904619	18.904619
7	D7Mit246	19.310254	19.310254
7	D7Mit270	27.433011	27.433011
7	D7Mit230	36.952105	36.952105
7	D7Mit199	52.965323	52.965323
7	D7Mit318	60.993138	60.993138
7	D7Mit350	70.726272	70.726272
7	D7Mit301	78.817014	78.817014
7	D7Mit323	88.220738	88.220738
7	D7Mit222	100.205609	100.205609
7	D7Mit330	106.953265	106.953265
7	D7Mit371	119.87829	119.87829
7	D7Mit334	125.927451	125.927451
7	D7Mit259	132.462298	132.462298
8	D8Mit124	14.757883	14.757883
8	D8Mit95	23.301066	23.301066
8	D8Mit189	33.233413	33.233413
8	D8Mit294	38.471404	38.471404
8	D8Mit128	60.212003	60.212003
8	D8Mit145	70.784222	70.784222
8	D8Mit75	81.602169	81.602169
8	D8Mit147	91.296436	91.296436
8	D8Mit242	101.108578	101.108578
8	D8Mit113	108.156094	108.156094
8	D8Mit156	128.314435	128.314435
9	D9Mit90	32.486423	32.486423
9	D9Mit227	41.558545	41.558545
9	D9Mit4	52.288003	52.288003
9	D9Mit48	58.104093	58.104093
9	D9Mit263	75.97409	75.97409
9	D9Mit11	87.495406	87.495406
9	D9Mit35	98.637642	98.637642
9	D9Mit53	104.70333	104.70333
9	D9Mit243	113.389665	113.389665
9	D9Mit151	121.482569	121.482569
10	D10Mit28	9.090141	9.090141
10	D10Mit247	15.455912	15.455912
10	D10Mit213	20.109037	20.109037
10	D10Mit3	28.940933	28.940933
10	D10Mit194	46.814954	46.814954
10	D10Mit186	75.551856	75.551856
10	D10Mit261	85.284398	85.284398
10	D10Mit68	92.665646	92.665646
10	D10Mit133	104.927937	104.927937
10	D10Mit233	114.15685	114.15685
10	D10Mit180	117.954575	117.954575
11	D11Mit226	8.799743	8.799743
11	D11Mit78	17.839871	17.839871
11	D11Mit295	19.467693	19.467693
11	D11Mit79	19.641451	19.641451
11	D11Mit19	25.317593	25.317593
11	D11Mit53	32.172549	32.172549
11	D11Mit135	33.562211	33.562211
11	D11Mit231	35.368653	35.368653
11	D11Mit51	36.072677	36.072677
11	D11Mit308	42.105076	42.105076
11	D11Mit174	42.23369	42.23369
11	D11Mit296	42.521501	42.521501
11	D11Mit20	44.378776	44.378776
11	D11Mit154	51.688119	51.688119
11	D11Mit349	55.428962	55.428962
11	D11Mit177	64.82539	64.82539
11	D11Mit219	71.931358	71.931358
11	D11Mit178	84.777191	84.777191
11	D11Mit41	88.747078	88.747078
11	D11Mit179	89.506427	89.506427
11	D11Mit99	99.319827	99.319827
11	D11Mit333	108.384847	108.384847
11	D11Mit48	117.802784	117.802784
12	D12Mit182	10.971003	10.971003
12	D12Mit84	22.538385	22.538385
12	D12Mit153	30.263291	30.263291
12	D12Mit172	41.276786	41.276786
12	D12Mit285	49.871992	49.871992
12	D12Mit36	55.861262	55.861262
12	D12Mit114	65.349375	65.349375
12	D12Mit5	76.213409	76.213409
12	D12Mit194	85.881512	85.881512
12	D12Mit259	86.452348	86.452348
12	D12Mit231	95.212385	95.212385
12	D12Mit280	105.924142	105.924142
13	D13Mit57	16.367648	16.367648
13	D13Mit115	19.856678	19.856678
13	D13Mit60	35.314387	35.314387
13	D13Mit91	46.317312	46.317312
13	D13Mit13	55.584469	55.584469
13	D13Mit224	62.420531	62.420531
13	D13Mit254	72.437442	72.437442
13	D13Mit126	81.960141	81.960141
13	D13Mit145	92.557206	92.557206
13	D13Mit270	101.942357	101.942357
13	D13Mit151	112.507122	112.507122
13	D13Mit35	116.310877	116.310877
14	D14Mit99	13.920996	13.920996
14	D14Mit50	17.301019	17.301019
14	D14Mit45	30.40399	30.40399
14	D14Mit60	39.763459	39.763459
14	D14Mit63	47.406034	47.406034
14	D14Mit102	57.85209	57.85209
14	D14Mit115	64.621184	64.621184
14	D14Mit7	82.247832	82.247832
14	D14Mit228	91.609491	91.609491
14	D14Mit165	98.856938	98.856938
14	D14Mit185	109.224324	109.224324
14	D14Mit266	113.370685	113.370685
15	D15Mit13	3.287668	3.287668
15	D15Mit53	13.183909	13.183909
15	D15Mit252	22.647144	22.647144
15	D15Mit7	33.067747	33.067747
15	D15Mit5	43.466384	43.466384
15	D15Mit232	53.152823	53.152823
15	D15Mit63	65.513705	65.513705
15	D15Mit105	72.776403	72.776403
15	D15Mit189	82.999282	82.999282
15	D15Mit34	91.145983	91.145983
15	D15Mit16	103.46968	103.46968
16	D16Mit182	5.364389	5.364389
16	D16Mit88	12.990528	12.990528
16	D16Mit146	23.570172	23.570172
16	D16Mit101	23.581094	23.581094
16	D16Mit58	32.178502	32.178502
16	D16Mit167	35.041589	35.041589
16	D16Mit12	38.982465	38.982465
16	D16Mit125	42.249079	42.249079
16	D16Mit5	57.953593	57.953593
16	D16Mit173	64.884395	64.884395
16	D16Mit217	77.720303	77.720303
16	D16Mit152	86.178514	86.178514
16	D16Mit106	98.62935	98.62935
17	D17Mit267	3.354577	3.354577
17	D17Mit113	11.388099	11.388099
17	D17Mit133	23.45537	23.45537
17	D17Mit28	32.497587	32.497587
17	D17Mit49	43.467968	43.467968
17	D17Mit274	51.719677	51.719677
17	D17Mit89	61.99389	61.99389
17	D17Mit39	72.746077	72.746077
17	D17Mit41	82.909085	82.909085
17	D17Mit221	88.708424	88.708424
18	D18Mit19	5.211444	5.211444
18	D18Mit31	11.416817	11.416817
18	D18Mit22	25.371687	25.371687
18	D18Mit120	36.497673	36.497673
18	D18Mit149	45.440567	45.440567
18	D18Mit123	56.469148	56.469148
18	D18Mit184	67.344388	67.344388
18	D18Mit80	77.246706	77.246706
18	D18Mit4	84.638427	84.638427
19	D19Mit109	5.995759	5.995759
19	D19Mit44	7.35472	7.35472
19	D19Mit42	9.182084	9.182084
19	D19Mit22	9.851077	9.851077
19	D19Mit127	11.579872	11.579872
19	D19Mit61	14.801856	14.801856
19	D19Mit128	16.529758	16.529758
19	D19Mit85	17.808712	17.808712
19	D19Mit16	19.624841	19.624841
19	D19Mit45	21.608399	21.608399
19	D19Mit80	22.585932	22.585932
19	D19Mit40	24.611126	24.611126
19	D19Msw029	28.514302	28.514302
19	D19Mit13	31.949196	31.949196
19	D19Mit89	41.835961	41.835961
19	D19Mit103	53.134635	53.134635
19	D19Mit6	60.447513	60.447513
20	DXMit89	8.731668	8.731668
20	DXMit1	64.586803	64.586803
20	DXMit37	127.692177	127.692177
20	DXMit10	141.211224	141.211224
20	DXMit186	155.478809	155.478809
20	DXMit223	157.416369	157.416369