Locus	Chr	Mb	GenomeMb
1	D1Mit427	4.544928	4.544928
1	D1Mit1	11.577964	11.577964
1	D1Mit231	21.038534	21.038534
1	D1Mit372	21.382961	21.382961
1	D1Mit211	25.850912	25.850912
1	D1Mit373	26.818453	26.818453
1	D1Mit171	37.440324	37.440324
1	D1Mit375	44.138262	44.138262
1	D1Mit161	60.755132	60.755132
1	D1Mit5	65.407221	65.407221
1	D1Mit328	69.425815	69.425815
1	D1Mit281	74.471372	74.471372
1	D1Mit46	77.12378	77.12378
1	D1Mit134	82.047665	82.047665
1	D1Mit10	92.598822	92.598822
1	D1Mit135	107.641231	107.641231
1	D1Mit139	129.211452	129.211452
1	D1Mit30	136.240244	136.240244
1	D1Mit100	147.075276	147.075276
1	D1Mit265	152.248401	152.248401
1	D1Mit42	157.667177	157.667177
1	D1Mit113	175.662176	175.662176
1	D1Mit541	178.326724	178.326724
1	D1Mit291	188.36742	188.36742
1	D1Mit209	195.281664	195.281664
2	D2Mit359	9.286568	9.286568
2	D2Mit81	25.055513	25.055513
2	D2Mit151	26.761122	26.761122
2	D2Mit367	33.905297	33.905297
2	D2Mit433	57.530814	57.530814
2	D2Mit90	66.055427	66.055427
2	D2Mit56	71.040441	71.040441
2	D2Mit37	75.087928	75.087928
2	D2Mit436	80.466399	80.466399
2	D2Mit94	80.537857	80.537857
2	D2Mit43	104.393034	104.393034
2	D2Mit102	114.563299	114.563299
2	D2Mit394	117.410009	117.410009
2	D2Mit395	119.795104	119.795104
2	D2Mit255	123.629314	123.629314
2	D2Mit304	128.583188	128.583188
2	D2Mit257	132.513333	132.513333
2	D2Mit223	135.129641	135.129641
2	D2Mit403	144.746472	144.746472
2	D2Mit412	162.958801	162.958801
2	D2Mit263	162.96891	162.96891
2	D2Mit311	166.43666	166.43666
2	D2Mit145	167.00869	167.00869
2	D2Mit457	181.102661	181.102661
3	D3Mit221	7.964307	7.964307
3	D3Mit130	10.319052	10.319052
3	D3Mit305	28.056869	28.056869
3	D3Mit55	29.435486	29.435486
3	D3Mit21	38.075155	38.075155
3	D3Mit227	48.970405	48.970405
3	D3Mit241	68.165277	68.165277
3	D3Mit22	71.317316	71.317316
3	D3Mit310	81.717314	81.717314
3	D3Mit49	91.475916	91.475916
3	D3Mit76	97.730013	97.730013
3	D3Mit10	102.060561	102.060561
3	D3Mit286	112.17026	112.17026
3	D3Mit43	124.875765	124.875765
3	D3Mit15	136.579918	136.579918
3	D3Mit127	147.158157	147.158157
3	D3Mit86	151.240942	151.240942
3	D3Mit147	152.649346	152.649346
3	D3Mit323	156.644544	156.644544
3	D3Mit19	162.133775	162.133775
4	D4Mit235	8.256153	8.256153
4	D4Mit227	9.927352	9.927352
4	D4Mit1	17.841203	17.841203
4	D4Mit236	39.159412	39.159412
4	D4Mit286	42.486496	42.486496
4	D4Mit89	45.17134	45.17134
4	D4Mit26	87.830621	87.830621
4	D4Mit246	97.756039	97.756039
4	D4Mit31	105.972197	105.972197
4	D4Mit332	113.400541	113.400541
4	D4Mit279	123.868759	123.868759
4	D4Mit338	124.297592	124.297592
4	D4Mit203	128.485327	128.485327
4	D4Mit339	133.222822	133.222822
4	D4Mit54	136.672679	136.672679
4	D4Mit126	141.480113	141.480113
4	D4Mit226	148.646894	148.646894
4	D4Mit42	149.682997	149.682997
5	D5Mit344	5.501113	5.501113
5	D5Mit346	4.864813	4.864813
5	D5Mit294	19.792637	19.792637
5	D5Mit251	25.285818	25.285818
5	D5Mit387	26.637688	26.637688
5	D5Mit388	31.891277	31.891277
5	D5Mit267	39.630801	39.630801
5	D5Mit55	51.709969	51.709969
5	D5Mit15	64.726615	64.726615
5	D5Mit309	79.99418	79.99418
5	D5Mit312	95.530562	95.530562
5	D5Mit10	103.400412	103.400412
5	D5Mit403	104.804147	104.804147
5	D5Mit278	110.884669	110.884669
5	D5Mit136	117.745354	117.745354
5	D5Mit139	124.228936	124.228936
5	D5Mit372	130.922514	130.922514
5	D5Mit43	143.730118	143.730118
6	D6Mit264	16.48951	16.48951
6	D6Mit341	31.959328	31.959328
6	D6Mit268	34.654055	34.654055
6	D6Mit223	45.543111	45.543111
6	D6Mit184	53.725254	53.725254
6	D6Mit384	55.661551	55.661551
6	D6Mit175	65.587871	65.587871
6	D6Mit16	72.267645	72.267645
6	D6Mit209	76.628963	76.628963
6	D6Mit69	84.773014	84.773014
6	D6Mit226	89.924385	89.924385
6	D6Mit146	95.814036	95.814036
6	D6Mit67	99.407481	99.407481
6	D6Mit36	106.175292	106.175292
6	D6Mit55	116.042075	116.042075
6	D6Mit368	129.63742	129.63742
6	D6Mit135	130.793161	130.793161
6	D6Mit339	137.863731	137.863731
6	D6Mit291	138.879011	138.879011
6	D6Mit15	147.950215	147.950215
6	D6Mit372	149.963387	149.963387
7	D7Mit340	4.603612	4.603612
7	D7Mit21	7.5	7.5
7	D7Mit154	12	12
7	D7Mit114	20.75687	20.75687
7	D7Mit117	23.861891	23.861891
7	D7Mit308	27.12868	27.12868
7	D7Mit270	29.666858	29.666858
7	D7Mit158	39.196978	39.196978
7	D7Mit85	44.473949	44.473949
7	D7Mit91	51.549599	51.549599
7	D7Mit233	61.164895	61.164895
7	D7Mit350	73.296433	73.296433
7	D7Mit234	78.323175	78.323175
7	D7Mit351	88.994095	88.994095
7	D7Mit126	93.429017	93.429017
7	D7Mit222	105.220328	105.220328
7	D7Mit66	111.86635	111.86635
7	D7Mit68	117.482372	117.482372
7	D7Mit71	123.106365	123.106365
7	D7Mit291	128.361867	128.361867
7	D7Mit292	130.650025	130.650025
7	D7Mit259	136.76824	136.76824
8	D8Mit335	19.961319	19.961319
8	D8Mit289	27.75271	27.75271
8	D8Mit4	31.005654	31.005654
8	D8Mit224	32.069093	32.069093
8	D8Mit205	50.794141	50.794141
8	D8Mit100	56.368776	56.368776
8	D8Mit145	72.138822	72.138822
8	D8Mit345	79.356569	79.356569
8	D8Mit208	88.760624	88.760624
8	D8Mit109	96.162457	96.162457
8	D8Mit242	103.188306	103.188306
8	D8Mit211	104.253031	104.253031
8	D8Mit47	108.37595	108.37595
8	D8Mit200	116.353472	116.353472
8	D8Mit120	120.051648	120.051648
8	D8Mit148	125.575342	125.575342
8	D8Mit42	128.404564	128.404564
9	D9Mit297	34.776391	34.776391
9	D9Mit2	37.573605	37.573605
9	D9Mit256	50.455681	50.455681
9	D9Mit4	54.184283	54.184283
9	D9Mit300	60.549063	60.549063
9	D9Mit105	65.706161	65.706161
9	D9Mit289	71.834544	71.834544
9	D9Mit343	83.150823	83.150823
9	D9Mit196	88.651514	88.651514
9	D9Mit35	101.197696	101.197696
9	D9Mit12	102.313806	102.313806
9	D9Mit200	115.487877	115.487877
9	D8Mit46UT	115.771815	115.771815
9	D9Mit16	117.315302	117.315302
9	D9Mit214	117.772034	117.772034
9	D9Mit18	122.674966	122.674966
10	D10Mit166	3.78473	3.78473
10	D10Mit190	14.322208	14.322208
10	D10Mit213	21.16373	21.16373
10	D10Mit106	25.27163	25.27163
10	D10Mit214	26.537493	26.537493
10	D10Mit196	63.676533	63.676533
10	D10Mit186	77.824438	77.824438
10	D10Mit42	84.938108	84.938108
10	D10Mit96	102.133067	102.133067
10	D10Mit70	106.607881	106.607881
10	D10Mit266	117.962317	117.962317
10	D10Mit267	122.601026	122.601026
10	D10Mit35	125.214849	125.214849
11	D11Mit2	12.250052	12.250052
11	D11Mit162	18.14515	18.14515
11	D11Mit151	24.846681	24.846681
11	D11Mit163	27.621425	27.621425
11	D11Mit173	33.864341	33.864341
11	D11Mit310	53.799938	53.799938
11	D11Mit349	55.414401	55.414401
11	D11Mit318	61.777819	61.777819
11	D11Mit5	66.758676	66.758676
11	D11Mit90	70.071007	70.071007
11	D11Mit8	79.494127	79.494127
11	D11Mit41	88.659607	88.659607
11	D11Mit179	89.418956	89.418956
11	D11Mit70	93.756475	93.756475
11	D11Mit289	94.463753	94.463753
11	D11Mit67	96.59042	96.59042
11	D11Mit360	103.047031	103.047031
11	D11Mit333	108.377585	108.377585
11	D11Mit11	111.612505	111.612505
11	D11Mit338	114.967386	114.967386
12	D12Mit9	8.610643	8.610643
12	D12Mit12	19.119811	19.119811
12	D12Mit84	22.025131	22.025131
12	D12Mit242	23.251677	23.251677
12	D12Mit46	29.740834	29.740834
12	D12Mit2	36.565366	36.565366
12	D12Mit54	49.333939	49.333939
12	D12Mit36	56.063745	56.063745
12	D12Mit3	70.654391	70.654391
12	D12Mit214	77.634739	77.634739
12	D12Mit132	102.53992	102.53992
12	D12Mit8	108.912138	108.912138
13	D13Mit303	17.323888	17.323888
13	D13Mit115	20.338558	20.338558
13	D13Mit59	37.21995	37.21995
13	D13Mit91	46.87406	46.87406
13	D13Mit94	47.782836	47.782836
13	D13Mit124	64.649992	64.649992
13	D13Mit99	74.637844	74.637844
13	D13Mit233	81.701891	81.701891
13	D13Mit106	90.972877	90.972877
13	D13Mit144	94.367723	94.367723
13	D13Mit270	103.78436	103.78436
13	D13Mit291	107.889104	107.889104
13	D13Mit35	118.200573	118.200573
14	D14Mit109	7.9073	7.9073
14	D14Mit50	15.894083	15.894083
14	D14Mit14	24.201405	24.201405
14	D14Mit101	41.276459	41.276459
14	D14Mit257	43.068576	43.068576
14	D14Mit260	43.715052	43.715052
14	D14Mit234	50.795693	50.795693
14	D14Mit37	53.542847	53.542847
14	D14Mit34	63.201622	63.201622
14	D14Mit69	68.198784	68.198784
14	D14Mit71	88.940152	88.940152
14	D14Mit228	92.196335	92.196335
14	D14Mit165	99.396981	99.396981
14	D14Mit185	110.017551	110.017551
14	D14Mit97	111.546582	111.546582
14	D14Mit266	114.140237	114.140237
15	D15Mit12	3.03709	3.03709
15	D15Mit175	9.142598	9.142598
15	D15Mit53	13.378388	13.378388
15	D15Mit201	30.127925	30.127925
15	D15Mit203	31.26646	31.26646
15	D15Mit84	40.331422	40.331422
15	D15Mit86	45.812641	45.812641
15	D15Mit100	51.928297	51.928297
15	D15Mit232	54.223008	54.223008
15	D15Mit270	64.938732	64.938732
15	D15Mit63	66.588712	66.588712
15	D15Mit3	70.627661	70.627661
15	D15MIt105	74.079841	74.079841
15	D15Mit93	74.5	74.5
15	D15Mit171	91.757986	91.757986
15	D15Mit76	96.932431	96.932431
15	D15Mit149	100.168227	100.168227
15	D15Mit15	105.090384	105.090384
16	D16Mit88	12.81002	12.81002
16	D16Mit34	15.514653	15.514653
16	D16Mit101	23.375521	23.375521
16	D16Mit103	31.696041	31.696041
16	D16Mit58	32.024176	32.024176
16	D16Mit138	46.036925	46.036925
16	D16Mit15	49.811766	49.811766
16	D16Mit5	58.22005	58.22005
16	D16Mit47	62.101788	62.101788
16	D16Mit189	83.781354	83.781354
16	D16Mit190	86.086232	86.086232
16	D16Mit152	87.050302	87.050302
16	D16Mit86	94.683731	94.683731
17	D17Mit113	11.759176	11.759176
17	D17Mit100	25.776017	25.776017
17	D17Mit34	34.394643	34.394643
17	D17Mit269	43.940743	43.940743
17	D17Mit49	44.707562	44.707562
17	D17Mit10	46.987207	46.987207
17	D17Mit152	65.461683	65.461683
17	D17Mit159	70.45608	70.45608
17	D17Mit218	72.272591	72.272591
17	D17Mit39	74.858373	74.858373
17	D17Mit2	81.290136	81.290136
17	D17Mit76	86.382541	86.382541
18	D18Mit110	11.980291	11.980291
18	D18Mit116	16.074366	16.074366
18	D18Mit22	25.07702	25.07702
18	D18Mit200	32.509006	32.509006
18	D18Mit94	38.201718	38.201718
18	D18Mit36	46.719081	46.719081
18	D18Mit122	56.94406	56.94406
18	D18Mit124	57.431029	57.431029
18	D18Mit40	63.84661	63.84661
18	D18Mit81	66.764245	66.764245
18	D18Mit210	75.890988	75.890988
18	D18Mit7	76.852574	76.852574
18	D18Mit128	90.990766	90.990766
19	D19Mit109	6.252908	6.252908
19	D19Mit16	20.527781	20.527781
19	D19Mit96	22.015869	22.015869
19	D19Mit106	24.833756	24.833756
19	D19Mit86	25.91371	25.91371
19	D19Mit13	32.424058	32.424058
19	D19Mit119	41.342335	41.342335
19	D19Mit89	42.347858	42.347858
19	D19Mit53	45.055037	45.055037
19	D19Mit10	47.151686	47.151686
19	D19Mit137	59.071189	59.071189
19	D19Mit6	60.755063	60.755063
X	DXMit89	8.947654	8.947654
X	DXMit144	53.587299	53.587299
X	DXMit211	78.883638	78.883638
X	DXMit69	123.88345	123.88345
X	DXMit38	124.730986	124.730986
X	DXMit197	139.247212	139.247212
X	DXMit99	147.737686	147.737686